Spread val 0.01 - first eigenvalue: 9.899057822875981e-18

Spread val 0.1 - first eigenvalue: 2.151672279171395e-06

Spread val 1 - first eigenvalue: 0.0002549321135162246

Spread val 10 - first eigenvalue: 0.5606618425984083

Spread val 100 - first eigenvalue: 0.7740240825862877

Spread val 1000 - first eigenvalue: 0.06675529638295566

vector a:
[[ 9.585e-02 -5.008e-02  6.915e-02  7.028e-02  2.173e-02 -4.466e-02
   5.672e-02  1.844e-02 -8.294e-03  2.417e-02  5.698e-02  3.562e-02
   2.573e-02  3.346e-02  7.323e-02  4.419e-02 -3.478e-02  5.183e-02
   1.351e-02  2.674e-02  6.567e-02  4.010e-02  5.012e-02  1.800e-02
  -3.267e-03  5.438e-02  4.370e-02  4.733e-02  1.037e-02 -3.571e-02
  -3.520e-02 -9.573e-02  8.225e-02 -1.381e-02  3.124e-02  6.518e-02
  -2.661e-02  3.123e-02 -1.450e-02  1.060e-02  1.196e-02 -4.642e-02
   4.629e-02  1.651e-01 -1.176e-01  3.638e-03  7.708e-03  3.011e-02
  -7.842e-02  8.853e-02 -3.274e-02 -1.590e-02  8.387e-02 -4.059e-02
   3.405e-01 -3.602e-01  2.849e-01 -2.257e-01  2.167e-01 -3.450e-01
   5.078e-02  6.911e-02  3.829e-01 -1.619e-01 -9.454e-02 -1.552e-02
  -7.054e-02  1.001e-01  4.019e-02  2.747e-01 -3.348e-02 -5.237e-01
   5.989e-01 -5.738e-01 -1.727e-01  3.781e-01 -3.924e-01  2.246e-01
   1.542e-01  6.984e-03 -1.756e-02  5.200e-02  6.751e-03  1.951e-02
  -6.668e-03  2.745e-02  3.022e-02  8.833e-03 -4.137e-02  3.149e-03
   3.082e-02  3.869e-02 -1.027e-02  2.438e-02  9.016e-02 -1.894e-01
   5.019e-01 -5.814e-01 -3.090e-02 -1.356e-01  7.065e-02  4.366e-01
  -2.642e-01  3.875e-03 -4.613e-03  2.704e-02  4.139e-02 -2.899e-01
   4.873e-02  3.485e-01  4.937e-02 -1.279e-01  6.238e-02 -3.552e-02
   3.821e-02  3.337e-02  7.956e-02 -6.847e-02 -1.402e-01 -8.353e-02
   4.096e-02 -5.472e+00  7.104e+00 -4.431e-02  9.601e-03 -1.944e+00
   5.563e-01  2.957e-01 -1.699e-02 -4.582e-01 -1.037e-01 -7.699e-01
   6.717e-01  5.384e-01 -9.416e-02  1.620e-01 -4.889e-01  3.691e-01
   7.319e-02  1.822e-03 -1.228e-01  9.251e-02 -6.156e-02  1.219e-01
   1.855e-02  1.630e-03  2.920e-02  1.954e-02  5.318e-02  2.603e-03
   4.933e-02 -8.655e-03 -2.024e-02  7.397e-03 -2.161e-01  1.025e-01
   3.869e-01 -5.680e-02 -1.063e-01  4.819e-01 -6.538e-01 -4.632e-01
  -3.792e-01  7.397e-01  4.102e-01  3.620e-01 -8.998e-02  1.060e+00
  -1.090e+00 -8.385e-01  2.551e-01 -3.122e-02  1.618e-02  1.125e-02
   1.178e-01 -4.830e-03 -2.569e-01  2.792e-01  3.147e-02 -1.863e-01
   6.170e-02 -1.397e-01  4.706e-01 -1.957e-01 -4.613e-01  9.951e-02
   2.567e-01 -1.337e-01  6.358e-02  9.151e-02 -6.177e-03  7.673e-02
  -1.083e-02 -1.252e-01 -2.372e-01 -8.230e-02  5.326e-02  3.165e-02
   3.796e-02  6.320e-02  4.044e-03  4.768e-03  1.248e-01 -7.065e-02
   5.080e-01  2.378e-01 -3.758e-01 -3.838e-01 -1.455e-01  4.665e-02
   2.231e-01  1.259e-01  6.841e-02 -2.705e-01 -1.275e-01  9.042e-02
   7.618e-02 -8.353e-02  2.487e-01 -1.705e-01 -4.452e-02 -1.940e-02
   1.928e-01 -2.360e-02  1.258e-02  3.340e-02  1.921e-02  5.416e-02
   3.505e-02  5.511e-02  4.266e-02  3.258e-02 -6.723e-02  9.319e-04
   4.780e-02  6.918e-03  1.078e-02  3.802e-02 -5.605e-03  2.384e-02
  -4.820e-03 -8.691e-03  3.846e-02  3.662e-02 -5.895e-02 -2.945e-03
   1.050e-01  6.080e-03 -5.107e-02 -7.795e-03  8.610e-04  1.816e-02
   3.711e-02 -5.749e-02  3.870e-02  2.833e-02 -3.946e-02  3.678e-03
   5.557e-02  4.959e-02 -1.123e-02 -5.769e-02 -2.576e-02 -1.249e-01
   9.080e-02  1.697e-02  1.038e-02  8.213e-02 -2.904e-02  1.462e-01
   5.519e-01 -1.049e+00  6.352e-02  7.333e-01 -1.624e-01 -4.111e-01
   3.193e-01 -1.390e-01  3.315e-02  1.094e-02  4.872e-01 -3.044e-03
   5.105e-02  5.462e-02 -5.082e-01  1.184e-01 -1.194e-01  8.776e-02
   4.046e-02  3.268e-02 -2.067e-02  1.199e-02  4.291e-02  1.161e-02
   2.712e-02 -8.747e-03  2.059e-02 -5.282e-02  6.944e-02  1.348e-02
   1.393e-02 -6.334e-03  9.579e-02 -6.220e-02  4.481e-02  6.084e-02
  -1.147e-02  3.937e-03  2.930e-02  8.182e-03  5.489e-03  2.552e-02
   5.215e-02  2.287e-03 -8.785e-03  2.947e-02  4.990e-02  2.054e-02
   5.308e-02  9.567e-03 -1.855e-02 -4.260e-02  7.162e-02  3.688e-02
   1.477e-01 -5.563e-02 -3.787e-02 -3.476e-01 -2.475e-02  5.545e-01
   3.691e-02  8.474e-02 -2.685e-01 -3.535e-01  6.004e-02  1.497e-01
   1.896e-01 -1.469e-01 -1.870e-01  3.677e-01 -2.481e-01  1.376e-01
   2.554e-01 -3.516e-01 -9.707e-02  1.180e-01  1.548e-01  2.993e-03
  -2.322e-02  4.777e-02 -8.593e-02  5.173e-02  8.512e-02 -5.414e-02
   2.628e-02 -3.630e-02 -4.661e-02 -1.990e-01 -2.398e-01 -2.305e-01
  -1.359e-01  4.208e-01  1.916e-02 -2.005e-01  1.925e-01  2.757e-01
   2.337e-01 -2.769e-01  1.104e-01 -1.222e-01  2.035e-01  1.539e-02
   2.394e-03  4.138e-02 -1.180e-02 -4.532e-02 -9.106e-02  1.260e-02
   6.697e-02  4.863e-02 -1.208e-03 -2.009e-02 -2.538e-02  2.238e-02
   3.028e-02  1.205e-02 -4.899e-03 -8.220e-03  3.975e-02  5.039e-02
   1.200e-01 -1.381e-01 -3.056e-02  8.725e-04 -4.298e-02 -7.708e-02
   1.517e-01  3.719e-02  4.787e-02  4.551e-02 -1.213e-01 -3.033e-02
   2.627e-02 -6.699e-02  5.329e-02 -2.030e-01  5.408e-02  2.197e-01
   1.427e-02 -6.078e-01  4.272e-01 -4.721e-02  1.966e+00 -4.356e-01
  -2.019e+00  9.922e-02  1.328e-01  1.654e-01  9.667e-01 -1.609e-01
  -8.481e-01  6.055e-01 -3.970e-01 -3.991e-02  2.151e-01 -3.785e-02
   2.408e-02  1.362e-01  6.761e-03 -5.346e-02 -6.978e-02 -1.397e-02
  -2.624e-02  6.889e-02  7.327e-03  1.586e-02 -1.774e-02 -1.429e-02
  -6.312e-02  1.760e-02  1.016e-02  6.485e-02  9.215e-04 -5.991e-03
  -2.574e-02  4.015e-02 -6.944e-02 -8.200e-03 -9.463e-03  2.971e-02
   3.531e-02  2.932e-02  5.549e-02  2.050e-02  4.605e-02  1.636e-02
   2.632e-02  7.523e-02  2.911e-02  5.009e-02 -2.531e-02  6.204e-02
   4.597e-02 -3.079e-02  4.205e-02  4.870e-02  1.727e-02  1.131e-02
   1.452e-02 -9.109e-03  3.112e-02  4.110e-02  7.885e-03  1.381e-01
   9.860e-03 -6.375e-02 -6.019e-02 -3.967e-01  3.924e-01 -2.137e-01
   1.420e-01  8.027e-02  2.223e-03  4.751e-02 -6.525e-04  5.630e-02
   3.966e-02  3.788e-02  4.122e-02 -2.762e-03 -5.985e-03 -1.054e-02
  -4.411e-01  5.448e-02  1.901e+00 -2.277e+00 -3.302e-01  1.368e+00
   2.541e-02  1.733e-02 -3.850e-01 -3.270e-01  6.242e-01 -1.954e-01
   1.484e-01  1.255e-01 -5.860e-02 -2.856e-01  3.890e-01 -4.053e-01
  -7.074e-03  3.074e-01  6.370e-02  3.617e-01 -4.877e-01 -7.183e-02
  -5.312e-02  2.550e-02  6.210e-03  1.078e-01  2.152e-02 -7.559e-02
  -7.646e-02  4.361e-02  7.234e-02  5.133e-02  3.119e-02  4.216e-02
  -1.089e-01  8.421e-02 -3.269e-02  9.565e-02  1.974e-02 -6.451e-03
  -4.128e-02 -7.400e-02  1.259e-02  4.196e-02 -3.039e-02  1.686e-02
  -1.955e-02 -3.838e-02 -8.224e-04 -3.491e-02  8.250e-02 -2.803e-02
   5.256e-02  1.079e-02 -2.907e-02  2.909e-02 -1.634e-02  5.743e-02
   6.918e-02  8.152e-02 -4.516e-02  5.900e-04  3.965e-03  3.580e-02
   5.896e-03 -2.663e-02 -1.914e-02 -3.013e-02  1.576e-02 -8.137e-03
   3.332e-02  4.207e-02  4.299e-02  3.378e-02 -4.350e-02  4.222e-02
   5.976e-02  5.330e-02 -1.913e-02  5.571e-02  2.840e-02  8.088e-03
   1.991e-02  1.789e-02  1.594e-02 -9.522e-03  8.709e-03  2.712e-02
   2.055e-02  3.061e-02  2.483e-02  1.640e-03  1.288e-02 -2.056e-02
   4.089e-02  2.488e-02  2.241e-02  4.126e-02  4.854e-02  4.998e-03
   9.689e-03  5.561e-02  4.815e-02 -5.174e-03 -2.924e-03  1.019e-03
  -2.861e-02  1.781e-02  2.661e-02  2.046e-02  2.773e-02 -3.060e-03
   1.943e-03  4.051e-02  3.729e-02  3.722e-02  1.459e-02  4.964e-03
   7.617e-02 -3.939e-02  9.312e-04 -2.941e-02 -5.939e-03  4.158e-02
   6.074e-02 -5.150e-02 -3.949e-02 -2.183e-01 -1.308e-01  4.967e-01
   8.649e-01  1.711e-01 -1.260e+00  1.184e-01 -7.164e-01  8.359e-02
  -1.826e-01  7.255e-01  3.537e-01  4.013e-02  1.820e-01 -6.413e-01
   5.215e-01 -4.840e-01  1.607e-01 -2.611e-01  3.734e-02  2.021e-01
  -6.459e-02 -1.381e+00  3.492e-01  1.038e+00  1.619e-01 -7.184e-01
   1.219e+00  2.779e-01 -1.515e+00  2.044e-01  1.713e+00 -2.019e+00
   7.385e-01  6.255e-02  2.304e-01 -4.679e-02 -4.963e-02  5.186e-02
  -7.690e-05 -6.720e-02  4.003e-02  7.985e-02 -5.313e-02 -7.356e-02
   2.053e-02 -1.022e-03  8.363e-02 -1.272e-02  1.021e-01  1.028e-01
  -5.025e-02 -1.827e-01  1.917e-01 -1.397e-01  8.017e-02  1.305e-02
  -5.207e-01  6.020e-01  2.196e-01 -1.396e-01 -1.605e-01 -6.186e-01
  -2.528e-01  1.018e+00 -5.564e-02 -1.213e-01  1.067e-01  2.373e-03
  -1.492e-02 -1.142e-01  4.184e-02  2.168e-02  7.012e-02  3.607e-02
   2.589e-02  6.010e-02  6.499e-02  1.154e-02 -4.371e-02  3.547e-02
   2.093e-02 -6.659e-03  1.382e-03  3.202e-02  2.446e-02  2.014e-02
   3.696e-02  9.025e-03 -7.409e-03  7.334e-03  6.319e-02  5.706e-02
   7.310e-02 -2.754e-02  5.537e-02 -1.387e-02  1.746e-02  3.304e-02
   2.470e-02  3.564e-03 -2.729e-02 -2.195e-02 -5.895e-02  6.245e-02
   3.613e-02 -7.725e-03  3.306e-02  6.063e-03 -5.119e-02  1.310e-02
   4.261e-03 -1.491e-03  1.239e-02  2.797e-02  5.337e-03  5.810e-02
   6.848e-03  5.354e-02  4.895e-02 -3.270e-02  7.518e-02 -7.797e-02
   1.022e-01  1.244e-02  2.837e-02  4.303e-02 -2.538e-04 -2.067e-02
   4.013e-02  2.509e-02 -1.269e-02  8.031e-02 -1.063e-02 -5.947e-02
   2.142e-02 -5.404e-02 -3.165e-02  1.427e-01 -1.590e-02  4.707e-02
   7.897e-02 -1.593e-01  1.104e-01 -6.853e-02  8.269e-02 -1.014e-01
   7.066e-02  6.831e-02 -8.125e-03 -3.545e-02 -1.843e-02 -8.331e-02
   1.142e-01 -2.053e-01 -1.372e-01 -6.950e-02  3.855e-01 -2.578e-02
   1.771e-01 -1.095e+00  1.392e+00 -7.693e-01 -3.410e-01 -2.801e-03
   3.578e-01  1.538e+00 -1.023e+00 -3.917e-01 -1.101e+00  7.557e-01
   2.043e-01 -7.271e-01  1.561e+00 -1.287e+00  5.979e-01  9.077e-01
   3.923e-01  2.907e-02 -1.043e+00  2.923e-02  3.039e-01  1.338e+00
  -7.635e-01 -1.075e+00  2.618e-03 -3.575e-02 -4.552e-02  1.480e-02
   1.565e-01 -1.325e-01  3.443e-02  6.222e-02  1.841e-02  3.867e-02
  -2.108e-01  2.054e-01  1.912e-02  3.598e-02  3.848e-02 -5.879e-03
  -2.723e-02 -1.663e-01  8.950e-02  1.146e-02 -6.638e-02 -1.382e-01
   1.861e-01  1.330e-01 -1.299e-01 -2.046e-02  9.445e-02 -3.573e-02
  -9.797e-03  5.807e-02  2.653e-02 -4.847e-02  4.709e-02 -2.351e-02
  -1.082e-02 -4.433e-02  3.224e-02 -3.553e-02  3.489e-02 -1.255e-02
   9.796e-03  2.415e-02 -3.138e-02  6.510e-02  3.983e-02  3.702e-02
   1.211e-01  2.825e-02 -7.794e-02 -7.265e-02 -1.997e-01 -1.499e-03
   4.482e-01 -2.598e-01  3.318e-02  5.042e-02  2.546e-02  5.792e-02
  -2.620e-02  6.722e-03  3.958e-02 -1.143e-02  2.359e-02  3.839e-02
   1.853e-02  2.498e-02  3.945e-02  3.816e-02 -1.208e-02  2.714e-03
   2.499e-02  7.832e-03  4.235e-02  8.245e-02  3.750e-03 -2.946e-01
   2.225e-01  2.600e-02  4.768e-02  1.061e-02  6.793e-02 -2.505e-02
   4.150e-02  4.379e-02  4.765e-02 -4.364e-02  2.705e-02  7.254e-02
   4.515e-02 -3.231e-02  1.619e-02  2.820e-02  2.365e-02  4.008e-02
   5.868e-03  2.128e-02 -8.216e-02 -2.703e-02  6.464e-03  4.616e-02
  -2.735e-01  5.226e-02  1.868e-01  4.726e-02  1.117e-01 -3.188e-02
  -6.975e-02  1.014e-02 -7.577e-03 -2.664e-01  1.872e-02  9.561e-01
  -6.812e-01  7.468e-01  7.254e-01 -2.445e+00  2.489e+00  1.871e-01
  -9.010e-01  5.465e-01 -1.409e+00 -1.025e+00 -3.122e-01  3.499e-01
   1.039e-01 -2.718e-01 -4.464e+00  5.584e+00  5.832e+00 -5.392e+00
   8.280e-02 -3.283e-01  1.265e+00 -2.230e+00  1.700e+00 -5.788e-01
  -3.292e-01 -1.330e+00  1.789e+00  3.415e-02 -2.045e-01 -3.176e-02
  -2.107e-01  5.940e-02  8.219e-02 -6.748e-02 -3.772e-01  8.611e-01
   4.749e-01  1.919e-01 -5.670e-01 -5.256e-01 -1.007e+00  2.062e-01
   4.213e-01  7.424e-01 -2.158e-01  9.133e-02 -3.431e-01  6.042e-01
  -3.059e-01  7.969e-02  2.648e-02 -8.629e-02 -5.609e-02 -1.244e-02
   3.689e-02  1.536e-01  7.512e-02 -3.945e-02  1.696e-01 -8.963e-02
   2.245e-01 -8.002e-02 -2.015e+00  2.490e+00 -3.278e-01 -9.167e-01
  -8.332e-01  1.146e+00 -6.921e-01  4.377e-01  2.838e-01  2.656e-01
   2.377e-01 -2.724e-01 -5.655e-02 -3.896e-01  2.364e-01  2.694e-02
   6.221e-02  1.352e-01 -1.227e-01  1.530e-01]]
